285.3210000030231
302.8200000117067
273.88999999675434
270.4000000085216
280.2910000027623
330.4120000102557
334.09399999072775
284.30899999511894
302.34600001131184
267.5170000002254
280.79299999808427
287.8449999989243
300.67199999757577
266.8980000016745
277.9049999953713
279.9830000003567
290.15300000901334
280.29299998888746
285.5929999932414
274.41600000020117
303.60400000063237
268.473999996786
293.14000000886153
293.44600001059007
287.8320000017993
299.88000000594184
279.2760000011185
274.23699999053497
278.6869999981718
281.5919999993639
284.32099999918137
285.99600000598
278.4069999906933
316.2889999948675
330.18400000582915
282.0100000099046
272.90999999968335
276.3189999968745
288.325999994413
271.3570000050822
294.6200000005774
282.47999999439344
315.39600000542123
274.94400000432506
307.68900000839494
278.3310000086203
298.3550000062678
280.87499999674037
300.9219999948982
307.54999999771826
313.39500000467524
293.51499999756925
287.2419999912381
306.49499999708496
273.34100000734907
275.710000001709
292.1130000031553
307.0410000073025
289.65899998729583
339.8529999976745
290.1339999953052
311.7879999917932
366.5589999873191
306.43500000587665
285.0170000019716
288.1880000059027
273.81999998760875
277.247999998508
294.4909999932861
279.22499999112915
296.24300000432413
281.146000008448
277.6960000046529
282.175999993342
284.26200000103563
287.60500000498723
283.4090000105789
279.3200000014622
269.50500000384636
301.61199999565724
295.88499999954365
271.8190000014147
268.7699999951292
299.00199999974575
295.098999995389
294.9090000038268
297.4030000041239
273.56200000212993
283.3260000043083
286.6760000033537
278.6869999981718
275.6480000098236
296.7790000111563
271.06600000115577
272.58200000505894
287.2170000046026
282.18399999605026
280.2559999981895
290.88500000943895
284.6900000004098
280.2899999951478
290.0510000035865
291.7699999961769
263.4320000070147
303.88700000185054
320.0760000036098
320.1439999975264
315.17700001131743
276.9890000054147
280.18499999598134
301.76099999516737
268.42900000337977
311.0880000022007
269.78699999745004
288.65899999800604
288.21500000776723
307.0039999875007
278.5930000100052
269.20999999856576
292.9839999997057
269.79199999186676
285.4709999955958
278.75899999344256
287.38400001020636
273.53900000161957
304.72900001041126
267.16200000373647
279.871999999159
284.8939999967115
326.0700000100769
274.9079999921378
283.6259999894537
304.41300000529736
294.4770000030985
315.8720000064932
271.20400000421796
312.6229999907082
298.35899999307003
293.04999999294523
289.63699999439996
297.8629999997793
286.47999999520835
327.25800000480376
274.5580000046175
287.14600000239443
297.13199999241624
309.75100000796374
279.67599999101367
280.6929999933345
302.35699999320786
271.37000000220723
281.1249999940628
285.24900000775233
366.94200000783894
296.2600000028033
286.84200000134297
292.1349999960512
277.5359999941429
303.22200000227895
281.0650000028545
313.9470000023721
302.17399999673944
347.5039999902947
342.1050000033574
330.64300000842195
323.42999998945743
292.9850000073202
298.8809999951627
289.4850000011502
329.83299999614246
303.32400000770576
324.4459999987157
276.624999998603
322.967999993125
284.535999991931
342.0709999918472
297.3420000053011
345.39400000358
317.91399999929126
323.2149999967078
288.6739999958081
286.0109999892302
301.29000000306405
288.67100000206847
284.84300000127405
280.84300000045914
265.12100000400096
284.9240000068676
279.4389999908162
277.0380000001751
268.0300000065472
277.7070000011008